12
81.4865
-3.16216
-90
0
-31.4324
60
-67.081
35.3243
0
-31.4324
60
-64.4054
34.5946
-3.64865
30.9459
-80
59.1622
-12.5405
2.43245
30.7027
-78.4324
58.4324
-13.7838
0
10
0
30
300
68.3514
0
-90
0
-10.2703
60
-67.081
35.3243
0
-56.2432
60
-64.4054
34.5946
-3.64865
62.8108
-80
59.1622
-12.5405
2.43245
15.6216
-78.4324
58.4324
-13.7838
0
10
0
30
500
43.5406
-2.67568
-90
0
-51.8648
60
-67.081
35.3243
0
-8.32431
60
-64.4054
34.5946
-3.64865
19.027
-80
59.1622
-12.5405
2.43245
61.1081
-78.4324
58.4324
-13.7838
0
10
0
30
300
68.3514
0
-90
0
-10.2703
60
-67.081
35.3243
0
-56.2432
60
-64.4054
34.5946
-3.64865
62.8108
-80
59.1622
-12.5405
2.43245
15.6216
-78.4324
58.4324
-13.7838
0
10
0
30
500
47.6758
0
-90
0
-51.8648
60
-67.081
35.3243
0
-8.32431
60
-64.4054
34.5946
-3.64865
19.027
-80
59.1622
-12.5405
2.43245
61.1081
-78.4324
58.4324
-13.7838
0
10
0
30
300
68.3514
0
-90
0
-10.2703
60
-67.081
35.3243
0
-56.2432
60
-64.4054
34.5946
-3.64865
62.8108
-80
59.1622
-12.5405
2.43245
15.6216
-78.4324
58.4324
-13.7838
0
10
0
30
500
40.8649
0
-90
0
-51.8648
60
-67.081
35.3243
0
-8.32431
60
-64.4054
34.5946
-3.64865
19.027
-80
59.1622
-12.5405
2.43245
61.1081
-78.4324
58.4324
-13.7838
0
10
0
30
300
68.3514
0
-90
0
-10.2703
60
-67.081
35.3243
0
-56.2432
60
-64.4054
34.5946
-3.64865
62.8108
-80
59.1622
-12.5405
2.43245
15.6216
-78.4324
58.4324
-13.7838
0
10
0
30
500
43.5406
0
-90
0
-51.8648
60
-67.081
35.3243
0
-8.32431
60
-64.4054
34.5946
-3.64865
19.027
-80
59.1622
-12.5405
2.43245
61.1081
-78.4324
58.4324
-13.7838
0
10
0
30
300
68.3514
0
-90
0
-10.2703
60
-67.081
35.3243
0
-56.2432
60
-64.4054
34.5946
-3.64865
62.8108
-80
59.1622
-12.5405
2.43245
15.6216
-78.4324
58.4324
-13.7838
0
10
0
30
500
41.3514
0
-90
0
-51.8648
60
-67.081
35.3243
0
-8.32431
60
-64.4054
34.5946
-3.64865
19.027
-80
59.1622
-12.5405
2.43245
61.1081
-78.4324
58.4324
-13.7838
0
10
0
30
300
68.3514
0
-90
0
-10.2703
60
-67.081
35.3243
0
-56.2432
60
-64.4054
34.5946
-3.64865
62.8108
-80
59.1622
-12.5405
2.43245
15.6216
-78.4324
58.4324
-13.7838
0
10
0
30
0
