11
68.3514
0
-90
0
-31.4324
60
-67.081
35.3243
0
-31.4324
60
-64.4054
34.5946
-3.64865
30.9459
-80
59.1622
-12.5405
2.43245
30.7027
-78.4324
58.4324
-13.7838
0
10
46.9189
-30
600
58.3784
0
-90
0
-31.4324
60
-67.081
35.3243
0
-15.6216
60
-64.4054
34.5946
-3.64865
30.9459
-80
59.1622
-12.5405
2.43245
45.7838
-78.4324
58.4324
-13.7838
0
10
41.8378
30
600
68.3514
0
-90
0
-14.8919
60
-67.081
35.3243
0
-41.6486
60
-64.4054
34.5946
-3.64865
47.4864
-80
59.1622
-12.5405
2.43245
17.5676
-78.4324
58.4324
-13.7838
0
10
64.9459
-28.1351
600
54.7298
0
-90
0
-31.4324
60
-67.081
35.3243
0
-15.6216
60
-64.4054
34.5946
-3.64865
30.9459
-80
59.1622
-12.5405
2.43245
45.7838
-78.4324
58.4324
-13.7838
0
10
46.7027
30
600
68.3514
0
-90
0
-14.8919
60
-67.081
35.3243
0
-41.6486
60
-64.4054
34.5946
-3.64865
47.4864
-80
59.1622
-12.5405
2.43245
17.5676
-78.4324
58.4324
-13.7838
0
10
51.3243
-30
600
46.7027
0
-90
0
-31.4324
60
-67.081
35.3243
0
-15.6216
60
-64.4054
34.5946
-3.64865
30.9459
-80
59.1622
-12.5405
2.43245
45.7838
-78.4324
58.4324
-13.7838
0
10
45.7297
30
600
68.3514
0
-90
0
-14.8919
60
-67.081
35.3243
0
-41.6486
60
-64.4054
34.5946
-3.64865
47.4864
-80
59.1622
-12.5405
2.43245
17.5676
-78.4324
58.4324
-13.7838
0
10
54.973
-30
600
44.2703
0
-90
0
-31.4324
60
-67.081
35.3243
0
-15.6216
60
-64.4054
34.5946
-3.64865
30.9459
-80
59.1622
-12.5405
2.43245
45.7838
-78.4324
58.4324
-13.7838
0
10
51.0811
30
600
68.3514
0
-90
0
-14.8919
60
-67.081
35.3243
0
-41.6486
60
-64.4054
34.5946
-3.64865
47.4864
-80
59.1622
-12.5405
2.43245
17.5676
-78.4324
58.4324
-13.7838
0
10
54
-30
600
47.1892
0
-90
0
-31.4324
60
-67.081
35.3243
0
-15.6216
60
-64.4054
34.5946
-3.64865
30.9459
-80
59.1622
-12.5405
2.43245
45.7838
-78.4324
58.4324
-13.7838
0
10
53.7568
30
600
68.3514
0
-90
0
-14.8919
60
-67.081
35.3243
0
-41.6486
60
-64.4054
34.5946
-3.64865
47.4864
-80
59.1622
-12.5405
2.43245
17.5676
-78.4324
58.4324
-13.7838
0
10
57.8919
-28.3784
300
