9
68.3514
0
-90
0
-31.4324
60
-67.081
35.3243
0
-31.4324
60
-64.4054
34.5946
-3.64865
30.9459
-80
59.1622
-12.5405
2.43245
30.7027
-78.4324
58.4324
-13.7838
0
10
0
30
800
68.3514
0
-90
0
-13.4324
60
-67.081
35.3243
0
-38.4865
60
-64.4054
23.8919
-17.027
48.4594
-80
54.0541
-12.5405
-10.7027
17.5676
-78.4324
58.4324
-10.6216
6.56757
10
0
30
600
68.3514
0
-90
0
-28.7567
60
-67.081
35.3243
0
-6.13512
60
-75.3513
39.4595
-17.027
48.4594
-80
54.0541
-12.5405
-10.7027
23.8919
-78.4324
62.3243
-18.4054
2.43243
10
0
30
800
68.3514
0
-90
0
-18.054
60
-67.081
35.3243
0
-21.7027
60
-82.4053
51.6216
-2.91892
18.2972
-80
81.2973
-22.5135
4.86487
39.4594
-66.3784
53.5675
-12.3243
-8.75676
10
0
30
300
68.3514
0
-90
0
-10.2702
60
-55.4053
23.4054
-13.6216
-31.6757
60
-76.3243
36.7838
-17.7567
24.8648
-80
89.8108
-32
2.43243
34.3513
-68.0811
53.5675
-12.3243
-8.75676
10
0
30
800
68.3514
0
-90
0
-22.6756
60
-60.7566
44.8108
-16.7838
-24.6216
60
-81.6756
33.8649
-25.7837
36.7837
-80
77.1621
-24.4595
-8.27028
14.1621
-79.2703
71.8107
-8.4324
-1.21622
10
0
30
600
68.3514
0
-90
0
-12.4594
51.7297
-51.0269
32.1621
-22.3784
-34.1081
60
-61.9729
18.2973
20
36.7837
-80
77.1621
-24.4595
-8.27028
14.1621
-80
63.054
-5
8.02703
10
0
30
800
68.3514
0
-90
0
-12.4594
51.7297
-51.0269
32.1621
-22.3784
-26.0811
60
-60.2702
25.3514
9.05405
17.3243
-78.2973
90.7837
-32.7297
3.89187
46.027
-80
56.2432
-17.4054
0.243249
10
0
30
800
68.3514
0
-90
0
-13.4324
60
-67.081
35.3243
0
-38.4865
60
-64.4054
23.8919
-17.027
48.4594
-80
54.0541
-12.5405
-10.7027
17.5676
-78.4324
58.4324
-10.6216
6.56757
10
0
30
0